60.000   176.000   150.198
91.000   132.000   106.733
58.000   189.000   153.670
95.000   154.000   119.286
53.000   171.000   138.694
79.000   141.000   101.530
51.000   191.000   153.514
120.000   157.000   135.453
43.000   171.000   135.613
118.000   154.000   136.731
53.000   180.000   149.552
56.000   153.000   115.031
44.000   185.000   142.420
93.000   142.000   117.198
40.000   191.000   145.175
135.000   175.000   158.484
42.000   173.000   131.946
128.000   162.000   145.715
45.000   187.000   153.003
94.000   160.000   125.293
50.000   171.000   123.399
120.000   173.000   154.582
43.000   199.000   152.474
108.000   143.000   124.627
61.000   195.000   151.905
96.000   123.000   110.760
56.000   186.000   142.642
139.000   174.000   163.474
62.000   182.000   149.351
84.000   129.000   106.512
59.000   176.000   145.731
94.000   168.000   137.139
36.000   174.000   141.361
106.000   146.000   121.205
39.000   175.000   137.661
100.000   153.000   121.040
38.000   171.000   134.615
98.000   134.000   114.972
62.000   177.000   141.161
112.000   142.000   127.719
37.000   189.000   146.175
83.000   152.000   105.450
55.000   178.000   139.104
81.000   161.000   100.679
48.000   173.000   130.868
140.000   174.000   158.809
31.000   161.000   112.547
109.000   138.000   124.116
43.000   176.000   126.970
92.000   137.000   113.977
37.000   171.000   126.109
102.000   163.000   124.167
28.000   180.000   128.790
106.000   137.000   121.373
48.000   163.000   108.130
82.000   119.000   100.500
38.000   182.000   142.161
109.000   177.000   143.918
55.000   193.000   150.785
114.000   181.000   168.366
